0.004758 1.000592
0.052070 0.998440
0.010093 0.999995
0.027898 0.999413
0.035201 0.999043
0.039080 0.999000
0.045510 0.998745
0.051623 0.998444
0.057743 0.998106
0.063883 0.997728
0.070041 0.997312
0.076213 0.996857
0.082395 0.996363
0.088584 0.995830
0.094779 0.995258
0.100977 0.994646
0.107176 0.993996
0.113377 0.993306
0.119577 0.992578
0.125776 0.991810
0.131973 0.991003
0.138168 0.990158
0.144359 0.989273
0.150548 0.988349
0.156731 0.987387
0.162910 0.986385
0.169085 0.985345
0.175253 0.984266
0.181416 0.983148
0.187573 0.981991
0.193723 0.980796
0.199866 0.979562
0.206003 0.978289
0.212131 0.976978
0.218252 0.975629
0.224365 0.974241
0.230470 0.972814
0.236565 0.971350
0.242652 0.969847
0.248729 0.968306
0.254797 0.966726
0.260856 0.965109
0.266904 0.963454
0.272942 0.961760
0.278969 0.960029
0.284986 0.958260
0.290990 0.956454
0.296986 0.954609
0.302967 0.952728
0.308938 0.950808
0.314896 0.948852
0.320843 0.946858
0.326776 0.944826
0.332696 0.942758
0.338603 0.940653
0.344497 0.938510
0.350377 0.936331
0.356243 0.934115
0.362096 0.931862
0.367933 0.929573
0.373756 0.927248
0.379563 0.924886
0.385356 0.922488
0.391134 0.920053
0.396894 0.917583
0.402640 0.915077
0.408369 0.912535
0.414081 0.909958
0.419777 0.907345
0.425455 0.904697
0.431118 0.902012
0.436759 0.899295
0.442386 0.896541
0.447992 0.893754
0.453581 0.890932
0.459150 0.888075
0.464700 0.885185
0.470230 0.882260
0.475738 0.879303
0.481229 0.876311
0.486696 0.873288
0.492142 0.870232
0.497568 0.867142
0.502967 0.864024
0.508348 0.860870
0.513701 0.857689
0.519037 0.854473
0.524372 0.851214
0.529993 0.847788
0.533798 0.845681
0.539931 0.841441
0.545164 0.838057
0.550392 0.834629
0.557400 0.829580
0.559056 0.828749
0.564884 0.824907
0.569579 0.821690
0.573963 0.818652
0.593888 0.805314
0.484301 0.876340
